%Fileswrittenbyheat1d.C
xa=0;xb=1;kappa=0.1;t=0.01;maxErr10= 7.403e-01;cpuTimeStep= 4.657e-05;
Nx=10;dx10=  1.000000e-01;numGhost=1;n1a=0;n1b=10;nd1a=-1;nd1b=11;
solutionName='trueDD';
x10=[-1.000000000000000e-01 0.000000000000000e+00 1.000000000000000e-01 2.000000000000000e-01 3.000000000000000e-01 4.000000000000000e-01 5.000000000000000e-01 6.000000000000001e-01 ...
7.000000000000001e-01 8.000000000000000e-01 9.000000000000000e-01 1.000000000000000e+00 1.100000000000000e+00 ];
u10=[0.000000000000000e+00 0.000000000000000e+00 7.423192471294733e-01 8.726486119111123e-01 2.835407219002257e-01 -5.393265023964837e-01 -9.175570504584946e-01 -5.393265023964833e-01 ...
2.835407219002265e-01 8.726486119111124e-01 7.423192471294735e-01 3.340873490054513e-16 0.000000000000000e+00 ];
err10=[7.402540838893026e-01 0.000000000000000e+00 2.065163240170698e-03 2.427744992297698e-03 7.888221654283600e-04 -1.500428921257457e-03 -2.552682149484675e-03 -1.500428921257346e-03 ...
7.888221654283600e-04 2.427744992297920e-03 2.065163240170698e-03 -2.079802251191163e-18 7.402540838893024e-01 ];
