%Fileswrittenbyheat1d.C
xa=0;xb=1;kappa=0.1;t=0.01;maxErr40= 3.821e-04;cpuTimeStep= 6.624e-05;
Nx=40;dx40=  2.500000e-02;numGhost=1;n1a=0;n1b=40;nd1a=-1;nd1b=41;
solutionName='trueNN';
x40=[-2.500000000000000e-02 0.000000000000000e+00 2.500000000000000e-02 5.000000000000000e-02 7.500000000000001e-02 1.000000000000000e-01 1.250000000000000e-01 1.500000000000000e-01 ...
1.750000000000000e-01 2.000000000000000e-01 2.250000000000000e-01 2.500000000000000e-01 2.750000000000000e-01 3.000000000000000e-01 3.250000000000000e-01 3.500000000000000e-01 ...
3.750000000000000e-01 4.000000000000000e-01 4.250000000000000e-01 4.500000000000000e-01 4.750000000000000e-01 5.000000000000000e-01 5.250000000000000e-01 5.500000000000000e-01 ...
5.750000000000001e-01 6.000000000000001e-01 6.250000000000000e-01 6.500000000000000e-01 6.750000000000000e-01 7.000000000000001e-01 7.250000000000001e-01 7.500000000000000e-01 ...
7.750000000000000e-01 8.000000000000000e-01 8.250000000000001e-01 8.500000000000001e-01 8.750000000000000e-01 9.000000000000000e-01 9.250000000000000e-01 9.500000000000001e-01 ...
9.750000000000001e-01 1.000000000000000e+00 1.025000000000000e+00 ];
u40=[8.900942661728807e-01 9.153864671264749e-01 8.900942661728807e-01 8.156153143634300e-01 6.960653304325081e-01 5.380506655250507e-01 3.503032351805128e-01 1.431979922899969e-01 ...
-7.182039445224994e-02 -2.828699747629248e-01 -4.782881152339862e-01 -6.472759783115269e-01 -7.804952677782293e-01 -8.705842644890333e-01 -9.125646361431129e-01 -9.041165407193935e-01 ...
-8.457068213159660e-01 -7.405632083261623e-01 -5.944959545431507e-01 -4.155767596655665e-01 -2.136927268871116e-01 1.614312456042516e-17 2.136927268871118e-01 4.155767596655666e-01 ...
5.944959545431510e-01 7.405632083261624e-01 8.457068213159660e-01 9.041165407193934e-01 9.125646361431129e-01 8.705842644890331e-01 7.804952677782294e-01 6.472759783115271e-01 ...
4.782881152339862e-01 2.828699747629249e-01 7.182039445224980e-02 -1.431979922899971e-01 -3.503032351805129e-01 -5.380506655250507e-01 -6.960653304325080e-01 -8.156153143634299e-01 ...
-8.900942661728808e-01 -9.153864671264751e-01 -8.900942661728809e-01 ];
err40=[3.715413967224634e-04 3.820988174649820e-04 3.715413967224634e-04 3.404525392459723e-04 2.905502202490418e-04 2.245920498242793e-04 1.462228869700266e-04 5.977342410276587e-05 ...
-2.997912769690803e-05 -1.180750281272736e-04 -1.996460837051517e-04 -2.701846649127981e-04 -3.257927985228504e-04 -3.633975702186376e-04 -3.809209343297315e-04 -3.773945469653928e-04 ...
-3.530132768525540e-04 -3.091244368595980e-04 -2.481533312719275e-04 -1.734692330906396e-04 -8.919919747216176e-05 1.842267001887464e-16 8.919919747188421e-05 1.734692330910281e-04 ...
2.481533312717055e-04 3.091244368594870e-04 3.530132768528871e-04 3.773945469652817e-04 3.809209343297315e-04 3.633975702187486e-04 3.257927985229614e-04 2.701846649126871e-04 ...
1.996460837052072e-04 1.180750281269960e-04 2.997912769703293e-05 -5.977342410223851e-05 -1.462228869700821e-04 -2.245920498245013e-04 -2.905502202494858e-04 -3.404525392456392e-04 ...
-3.715413967224634e-04 -3.820988174652040e-04 -3.715413967227965e-04 ];
