%Fileswrittenbyheat1d.C
xa=0;xb=1;kappa=0.1;t=0.01;maxErr20= 1.602e-03;cpuTimeStep= 6.436e-05;
Nx=20;dx20=  5.000000e-02;numGhost=1;n1a=0;n1b=20;nd1a=-1;nd1b=21;
solutionName='trueNN';
x20=[-5.000000000000000e-02 0.000000000000000e+00 5.000000000000000e-02 1.000000000000000e-01 1.500000000000000e-01 2.000000000000000e-01 2.500000000000000e-01 3.000000000000000e-01 ...
3.500000000000000e-01 4.000000000000000e-01 4.500000000000000e-01 5.000000000000000e-01 5.500000000000000e-01 6.000000000000001e-01 6.500000000000000e-01 7.000000000000001e-01 ...
7.500000000000000e-01 8.000000000000000e-01 8.500000000000001e-01 9.000000000000000e-01 9.500000000000001e-01 1.000000000000000e+00 1.050000000000000e+00 ];
u20=[8.167025357697759e-01 9.166066842369346e-01 8.167025357697759e-01 5.387678911471738e-01 1.433888763009045e-01 -2.832470425868839e-01 -6.481388021048530e-01 -8.717447599232309e-01 ...
-9.053217349323892e-01 -7.415503847053514e-01 -4.161307266413350e-01 -1.392880988870967e-16 4.161307266413348e-01 7.415503847053515e-01 9.053217349323893e-01 8.717447599232307e-01 ...
6.481388021048531e-01 2.832470425868842e-01 -1.433888763009050e-01 -5.387678911471737e-01 -8.167025357697761e-01 -9.166066842369348e-01 -8.167025357697765e-01 ];
err20=[1.427673945591845e-03 1.602315927924702e-03 1.427673945591845e-03 9.418176719474536e-04 2.506574350103763e-04 -4.951428520864054e-04 -1.133008458238827e-03 -1.523893004416244e-03 ...
-1.582588759961090e-03 -1.296300816048701e-03 -7.274362088591224e-04 2.879547674122449e-17 7.274362088592334e-04 1.296300816048590e-03 1.582588759961201e-03 1.523893004416355e-03 ...
1.133008458238716e-03 4.951428520862389e-04 -2.506574350101820e-04 -9.418176719475646e-04 -1.427673945591845e-03 -1.602315927924924e-03 -1.427673945592622e-03 ];
