%Fileswrittenbyheat1d.C
xa=0;xb=1;kappa=0.1;t=0.01;maxErr80= 9.444e-05;cpuTimeStep= 1.059e-03;
Nx=80;dx80=  1.250000e-02;numGhost=1;n1a=0;n1b=80;nd1a=-1;nd1b=81;
solutionName='trueNN';
x80=[-1.250000000000000e-02 0.000000000000000e+00 1.250000000000000e-02 2.500000000000000e-02 3.750000000000001e-02 5.000000000000000e-02 6.250000000000000e-02 7.500000000000001e-02 ...
8.750000000000001e-02 1.000000000000000e-01 1.125000000000000e-01 1.250000000000000e-01 1.375000000000000e-01 1.500000000000000e-01 1.625000000000000e-01 1.750000000000000e-01 ...
1.875000000000000e-01 2.000000000000000e-01 2.125000000000000e-01 2.250000000000000e-01 2.375000000000000e-01 2.500000000000000e-01 2.625000000000000e-01 2.750000000000000e-01 ...
2.875000000000000e-01 3.000000000000000e-01 3.125000000000000e-01 3.250000000000000e-01 3.375000000000000e-01 3.500000000000000e-01 3.625000000000000e-01 3.750000000000000e-01 ...
3.875000000000000e-01 4.000000000000000e-01 4.125000000000000e-01 4.250000000000000e-01 4.375000000000000e-01 4.500000000000000e-01 4.625000000000000e-01 4.750000000000000e-01 ...
4.875000000000000e-01 5.000000000000000e-01 5.125000000000001e-01 5.250000000000000e-01 5.375000000000000e-01 5.500000000000000e-01 5.625000000000000e-01 5.750000000000001e-01 ...
5.875000000000000e-01 6.000000000000001e-01 6.125000000000000e-01 6.250000000000000e-01 6.375000000000001e-01 6.500000000000000e-01 6.625000000000001e-01 6.750000000000000e-01 ...
6.875000000000000e-01 7.000000000000001e-01 7.125000000000000e-01 7.250000000000001e-01 7.375000000000000e-01 7.500000000000000e-01 7.625000000000001e-01 7.750000000000000e-01 ...
7.875000000000001e-01 8.000000000000000e-01 8.125000000000000e-01 8.250000000000001e-01 8.375000000000000e-01 8.500000000000001e-01 8.625000000000000e-01 8.750000000000000e-01 ...
8.875000000000001e-01 9.000000000000000e-01 9.125000000000001e-01 9.250000000000000e-01 9.375000000000000e-01 9.500000000000001e-01 9.625000000000000e-01 9.750000000000001e-01 ...
9.875000000000000e-01 1.000000000000000e+00 1.012500000000000e+00 ];
u80=[9.087557624276167e-01 9.150988092141803e-01 9.087557624276167e-01 8.898145562716011e-01 8.585377743177264e-01 8.153590092868411e-01 7.608768521158353e-01 6.958465936399473e-01 ...
6.211697539308928e-01 5.378815844464987e-01 4.471367162506180e-01 3.501931532632890e-01 2.483948324440909e-01 1.431529926783726e-01 3.592661065109179e-02 -7.179782507257230e-02 ...
-1.785269213661700e-01 -2.827810835794595e-01 -3.831150272864217e-01 -4.781378143876832e-01 -5.665321358051332e-01 -6.470725734510816e-01 -7.186425883047044e-01 -7.802499990886128e-01 ...
-8.310407369633183e-01 -8.703106855570818e-01 -8.975154421917922e-01 -9.122778649841611e-01 -9.143933011961187e-01 -9.038324243533403e-01 -8.807416408006851e-01 -8.454410600584320e-01 ...
-7.984200571164437e-01 -7.403304881865496e-01 -6.719776539637645e-01 -5.943091356734247e-01 -5.084016586710827e-01 -4.154461657062100e-01 -3.167313067803303e-01 -2.136255744811101e-01 ...
-1.075583324518010e-01 5.907174817926454e-17 1.075583324518011e-01 2.136255744811101e-01 3.167313067803303e-01 4.154461657062100e-01 5.084016586710827e-01 5.943091356734246e-01 ...
6.719776539637646e-01 7.403304881865496e-01 7.984200571164437e-01 8.454410600584320e-01 8.807416408006850e-01 9.038324243533404e-01 9.143933011961186e-01 9.122778649841611e-01 ...
8.975154421917921e-01 8.703106855570817e-01 8.310407369633184e-01 7.802499990886127e-01 7.186425883047044e-01 6.470725734510816e-01 5.665321358051332e-01 4.781378143876831e-01 ...
3.831150272864217e-01 2.827810835794594e-01 1.785269213661699e-01 7.179782507257228e-02 -3.592661065109184e-02 -1.431529926783726e-01 -2.483948324440909e-01 -3.501931532632890e-01 ...
-4.471367162506180e-01 -5.378815844464987e-01 -6.211697539308929e-01 -6.958465936399473e-01 -7.608768521158353e-01 -8.153590092868411e-01 -8.585377743177263e-01 -8.898145562716013e-01 ...
-9.087557624276167e-01 -9.150988092141805e-01 -9.087557624276168e-01 ];
err80=[9.378628397116451e-05 9.444090517041204e-05 9.378628397116451e-05 9.183149544289559e-05 8.860363898766099e-05 8.414746265705819e-05 7.852474280756194e-05 7.181342768824983e-05 ...
6.410655683852795e-05 5.551097127232119e-05 4.614583233253367e-05 3.614096974624559e-05 2.563508178510254e-05 1.477381247844134e-05 3.707732537050479e-06 -7.409748019271412e-06 ...
-1.842450660125006e-05 -2.918384466193968e-05 -3.953860457128755e-05 -4.934523740213193e-05 -5.846779295826110e-05 -6.677980446745391e-05 -7.416604179788511e-05 -8.052410890635464e-05 ...
-8.576586336028758e-05 -8.981863826718062e-05 -9.262624965922228e-05 -9.414977537791636e-05 -9.436809465535045e-05 -9.327818091220408e-05 -9.089514371674046e-05 -8.725201931858440e-05 ...
-8.239931266562639e-05 -7.640429724686815e-05 -6.935008247821450e-05 -6.133446154588107e-05 -5.246855569218667e-05 -4.287527373414424e-05 -3.268760816499405e-05 -2.204679147060906e-05 ...
-1.110033820729550e-05 2.271553238075857e-16 1.110033820692080e-05 2.204679147019273e-05 3.268760816532712e-05 4.287527373442179e-05 5.246855569240871e-05 6.133446154532596e-05 ...
6.935008247821450e-05 7.640429724664610e-05 8.239931266540435e-05 8.725201931891746e-05 9.089514371662943e-05 9.327818091231510e-05 9.436809465523943e-05 9.414977537791636e-05 ...
9.262624965911126e-05 8.981863826729164e-05 8.576586336028758e-05 8.052410890624362e-05 7.416604179799613e-05 6.677980446723186e-05 5.846779295870519e-05 4.934523740213193e-05 ...
3.953860457206471e-05 2.918384466149559e-05 1.842450660069495e-05 7.409748019507334e-06 -3.707732537230890e-06 -1.477381247780296e-05 -2.563508178571317e-05 -3.614096974619008e-05 ...
-4.614583233192304e-05 -5.551097127254323e-05 -6.410655683830591e-05 -7.181342768880494e-05 -7.852474280767296e-05 -8.414746265683615e-05 -8.860363898777202e-05 -9.183149544300662e-05 ...
-9.378628397105349e-05 -9.444090517063408e-05 -9.378628397105349e-05 ];
