%Filewrittenbyheat1d.C
xa=0;xb=1;kappa=0.1;t=0.2;maxErr= 2.703e-02;cpuTimeStep= 2.600e-05;
Nx=16;dx=  6.250000e-02;numGhost=1;n1a=5;n1b=8;nd1a=4;nd1b=9;
solutionName='trueDD';
x=[-6.250000000000000e-020.000000000000000e+006.250000000000000e-021.250000000000000e-011.875000000000000e-012.500000000000000e-01];
u=[-1.210476137564257e-010.000000000000000e+009.151800712789032e-021.535064076272453e-011.659729403497581e-011.289176052954287e-01];
err=[-2.703149525681540e-020.000000000000000e+00-2.498111371719972e-03-2.836683570876991e-030.000000000000000e+009.257783762897348e-03];
