%File written by heat2d.C
xa=0; xb = 1; ya = 0; yb = 1; kappa=0.1; t=0.1; maxErr= 2.053e-16; cpuTimeStep= 6.900e-05;
n1a=0; n1b=16; nd1a=-1; nd1b=17;
n2a=0; n2b=16; nd2a=-1; nd2b=17;
dx(1)=  6.250000e-02; dx(2)=  6.250000e-02; numGhost=1;
option=0; optionName='scalarIndexing';
x=zeros(19,19,2);
x(  1,  1,1)=-6.25000e-02;x(  2,  1,1)= 0.00000e+00;x(  3,  1,1)= 6.25000e-02;x(  4,  1,1)= 1.25000e-01;x(  5,  1,1)= 1.87500e-01;x(  6,  1,1)= 2.50000e-01;x(  7,  1,1)= 3.12500e-01;x(  8,  1,1)= 3.75000e-01;
x(  9,  1,1)= 4.37500e-01;x( 10,  1,1)= 5.00000e-01;x( 11,  1,1)= 5.62500e-01;x( 12,  1,1)= 6.25000e-01;x( 13,  1,1)= 6.87500e-01;x( 14,  1,1)= 7.50000e-01;x( 15,  1,1)= 8.12500e-01;x( 16,  1,1)= 8.75000e-01;
x( 17,  1,1)= 9.37500e-01;x( 18,  1,1)= 1.00000e+00;x( 19,  1,1)= 1.06250e+00;x(  1,  2,1)=-6.25000e-02;x(  2,  2,1)= 0.00000e+00;x(  3,  2,1)= 6.25000e-02;x(  4,  2,1)= 1.25000e-01;x(  5,  2,1)= 1.87500e-01;
x(  6,  2,1)= 2.50000e-01;x(  7,  2,1)= 3.12500e-01;x(  8,  2,1)= 3.75000e-01;x(  9,  2,1)= 4.37500e-01;x( 10,  2,1)= 5.00000e-01;x( 11,  2,1)= 5.62500e-01;x( 12,  2,1)= 6.25000e-01;x( 13,  2,1)= 6.87500e-01;
x( 14,  2,1)= 7.50000e-01;x( 15,  2,1)= 8.12500e-01;x( 16,  2,1)= 8.75000e-01;x( 17,  2,1)= 9.37500e-01;x( 18,  2,1)= 1.00000e+00;x( 19,  2,1)= 1.06250e+00;x(  1,  3,1)=-6.25000e-02;x(  2,  3,1)= 0.00000e+00;
x(  3,  3,1)= 6.25000e-02;x(  4,  3,1)= 1.25000e-01;x(  5,  3,1)= 1.87500e-01;x(  6,  3,1)= 2.50000e-01;x(  7,  3,1)= 3.12500e-01;x(  8,  3,1)= 3.75000e-01;x(  9,  3,1)= 4.37500e-01;x( 10,  3,1)= 5.00000e-01;
x( 11,  3,1)= 5.62500e-01;x( 12,  3,1)= 6.25000e-01;x( 13,  3,1)= 6.87500e-01;x( 14,  3,1)= 7.50000e-01;x( 15,  3,1)= 8.12500e-01;x( 16,  3,1)= 8.75000e-01;x( 17,  3,1)= 9.37500e-01;x( 18,  3,1)= 1.00000e+00;
x( 19,  3,1)= 1.06250e+00;x(  1,  4,1)=-6.25000e-02;x(  2,  4,1)= 0.00000e+00;x(  3,  4,1)= 6.25000e-02;x(  4,  4,1)= 1.25000e-01;x(  5,  4,1)= 1.87500e-01;x(  6,  4,1)= 2.50000e-01;x(  7,  4,1)= 3.12500e-01;
x(  8,  4,1)= 3.75000e-01;x(  9,  4,1)= 4.37500e-01;x( 10,  4,1)= 5.00000e-01;x( 11,  4,1)= 5.62500e-01;x( 12,  4,1)= 6.25000e-01;x( 13,  4,1)= 6.87500e-01;x( 14,  4,1)= 7.50000e-01;x( 15,  4,1)= 8.12500e-01;
x( 16,  4,1)= 8.75000e-01;x( 17,  4,1)= 9.37500e-01;x( 18,  4,1)= 1.00000e+00;x( 19,  4,1)= 1.06250e+00;x(  1,  5,1)=-6.25000e-02;x(  2,  5,1)= 0.00000e+00;x(  3,  5,1)= 6.25000e-02;x(  4,  5,1)= 1.25000e-01;
x(  5,  5,1)= 1.87500e-01;x(  6,  5,1)= 2.50000e-01;x(  7,  5,1)= 3.12500e-01;x(  8,  5,1)= 3.75000e-01;x(  9,  5,1)= 4.37500e-01;x( 10,  5,1)= 5.00000e-01;x( 11,  5,1)= 5.62500e-01;x( 12,  5,1)= 6.25000e-01;
x( 13,  5,1)= 6.87500e-01;x( 14,  5,1)= 7.50000e-01;x( 15,  5,1)= 8.12500e-01;x( 16,  5,1)= 8.75000e-01;x( 17,  5,1)= 9.37500e-01;x( 18,  5,1)= 1.00000e+00;x( 19,  5,1)= 1.06250e+00;x(  1,  6,1)=-6.25000e-02;
x(  2,  6,1)= 0.00000e+00;x(  3,  6,1)= 6.25000e-02;x(  4,  6,1)= 1.25000e-01;x(  5,  6,1)= 1.87500e-01;x(  6,  6,1)= 2.50000e-01;x(  7,  6,1)= 3.12500e-01;x(  8,  6,1)= 3.75000e-01;x(  9,  6,1)= 4.37500e-01;
x( 10,  6,1)= 5.00000e-01;x( 11,  6,1)= 5.62500e-01;x( 12,  6,1)= 6.25000e-01;x( 13,  6,1)= 6.87500e-01;x( 14,  6,1)= 7.50000e-01;x( 15,  6,1)= 8.12500e-01;x( 16,  6,1)= 8.75000e-01;x( 17,  6,1)= 9.37500e-01;
x( 18,  6,1)= 1.00000e+00;x( 19,  6,1)= 1.06250e+00;x(  1,  7,1)=-6.25000e-02;x(  2,  7,1)= 0.00000e+00;x(  3,  7,1)= 6.25000e-02;x(  4,  7,1)= 1.25000e-01;x(  5,  7,1)= 1.87500e-01;x(  6,  7,1)= 2.50000e-01;
x(  7,  7,1)= 3.12500e-01;x(  8,  7,1)= 3.75000e-01;x(  9,  7,1)= 4.37500e-01;x( 10,  7,1)= 5.00000e-01;x( 11,  7,1)= 5.62500e-01;x( 12,  7,1)= 6.25000e-01;x( 13,  7,1)= 6.87500e-01;x( 14,  7,1)= 7.50000e-01;
x( 15,  7,1)= 8.12500e-01;x( 16,  7,1)= 8.75000e-01;x( 17,  7,1)= 9.37500e-01;x( 18,  7,1)= 1.00000e+00;x( 19,  7,1)= 1.06250e+00;x(  1,  8,1)=-6.25000e-02;x(  2,  8,1)= 0.00000e+00;x(  3,  8,1)= 6.25000e-02;
x(  4,  8,1)= 1.25000e-01;x(  5,  8,1)= 1.87500e-01;x(  6,  8,1)= 2.50000e-01;x(  7,  8,1)= 3.12500e-01;x(  8,  8,1)= 3.75000e-01;x(  9,  8,1)= 4.37500e-01;x( 10,  8,1)= 5.00000e-01;x( 11,  8,1)= 5.62500e-01;
x( 12,  8,1)= 6.25000e-01;x( 13,  8,1)= 6.87500e-01;x( 14,  8,1)= 7.50000e-01;x( 15,  8,1)= 8.12500e-01;x( 16,  8,1)= 8.75000e-01;x( 17,  8,1)= 9.37500e-01;x( 18,  8,1)= 1.00000e+00;x( 19,  8,1)= 1.06250e+00;
x(  1,  9,1)=-6.25000e-02;x(  2,  9,1)= 0.00000e+00;x(  3,  9,1)= 6.25000e-02;x(  4,  9,1)= 1.25000e-01;x(  5,  9,1)= 1.87500e-01;x(  6,  9,1)= 2.50000e-01;x(  7,  9,1)= 3.12500e-01;x(  8,  9,1)= 3.75000e-01;
x(  9,  9,1)= 4.37500e-01;x( 10,  9,1)= 5.00000e-01;x( 11,  9,1)= 5.62500e-01;x( 12,  9,1)= 6.25000e-01;x( 13,  9,1)= 6.87500e-01;x( 14,  9,1)= 7.50000e-01;x( 15,  9,1)= 8.12500e-01;x( 16,  9,1)= 8.75000e-01;
x( 17,  9,1)= 9.37500e-01;x( 18,  9,1)= 1.00000e+00;x( 19,  9,1)= 1.06250e+00;x(  1, 10,1)=-6.25000e-02;x(  2, 10,1)= 0.00000e+00;x(  3, 10,1)= 6.25000e-02;x(  4, 10,1)= 1.25000e-01;x(  5, 10,1)= 1.87500e-01;
x(  6, 10,1)= 2.50000e-01;x(  7, 10,1)= 3.12500e-01;x(  8, 10,1)= 3.75000e-01;x(  9, 10,1)= 4.37500e-01;x( 10, 10,1)= 5.00000e-01;x( 11, 10,1)= 5.62500e-01;x( 12, 10,1)= 6.25000e-01;x( 13, 10,1)= 6.87500e-01;
x( 14, 10,1)= 7.50000e-01;x( 15, 10,1)= 8.12500e-01;x( 16, 10,1)= 8.75000e-01;x( 17, 10,1)= 9.37500e-01;x( 18, 10,1)= 1.00000e+00;x( 19, 10,1)= 1.06250e+00;x(  1, 11,1)=-6.25000e-02;x(  2, 11,1)= 0.00000e+00;
x(  3, 11,1)= 6.25000e-02;x(  4, 11,1)= 1.25000e-01;x(  5, 11,1)= 1.87500e-01;x(  6, 11,1)= 2.50000e-01;x(  7, 11,1)= 3.12500e-01;x(  8, 11,1)= 3.75000e-01;x(  9, 11,1)= 4.37500e-01;x( 10, 11,1)= 5.00000e-01;
x( 11, 11,1)= 5.62500e-01;x( 12, 11,1)= 6.25000e-01;x( 13, 11,1)= 6.87500e-01;x( 14, 11,1)= 7.50000e-01;x( 15, 11,1)= 8.12500e-01;x( 16, 11,1)= 8.75000e-01;x( 17, 11,1)= 9.37500e-01;x( 18, 11,1)= 1.00000e+00;
x( 19, 11,1)= 1.06250e+00;x(  1, 12,1)=-6.25000e-02;x(  2, 12,1)= 0.00000e+00;x(  3, 12,1)= 6.25000e-02;x(  4, 12,1)= 1.25000e-01;x(  5, 12,1)= 1.87500e-01;x(  6, 12,1)= 2.50000e-01;x(  7, 12,1)= 3.12500e-01;
x(  8, 12,1)= 3.75000e-01;x(  9, 12,1)= 4.37500e-01;x( 10, 12,1)= 5.00000e-01;x( 11, 12,1)= 5.62500e-01;x( 12, 12,1)= 6.25000e-01;x( 13, 12,1)= 6.87500e-01;x( 14, 12,1)= 7.50000e-01;x( 15, 12,1)= 8.12500e-01;
x( 16, 12,1)= 8.75000e-01;x( 17, 12,1)= 9.37500e-01;x( 18, 12,1)= 1.00000e+00;x( 19, 12,1)= 1.06250e+00;x(  1, 13,1)=-6.25000e-02;x(  2, 13,1)= 0.00000e+00;x(  3, 13,1)= 6.25000e-02;x(  4, 13,1)= 1.25000e-01;
x(  5, 13,1)= 1.87500e-01;x(  6, 13,1)= 2.50000e-01;x(  7, 13,1)= 3.12500e-01;x(  8, 13,1)= 3.75000e-01;x(  9, 13,1)= 4.37500e-01;x( 10, 13,1)= 5.00000e-01;x( 11, 13,1)= 5.62500e-01;x( 12, 13,1)= 6.25000e-01;
x( 13, 13,1)= 6.87500e-01;x( 14, 13,1)= 7.50000e-01;x( 15, 13,1)= 8.12500e-01;x( 16, 13,1)= 8.75000e-01;x( 17, 13,1)= 9.37500e-01;x( 18, 13,1)= 1.00000e+00;x( 19, 13,1)= 1.06250e+00;x(  1, 14,1)=-6.25000e-02;
x(  2, 14,1)= 0.00000e+00;x(  3, 14,1)= 6.25000e-02;x(  4, 14,1)= 1.25000e-01;x(  5, 14,1)= 1.87500e-01;x(  6, 14,1)= 2.50000e-01;x(  7, 14,1)= 3.12500e-01;x(  8, 14,1)= 3.75000e-01;x(  9, 14,1)= 4.37500e-01;
x( 10, 14,1)= 5.00000e-01;x( 11, 14,1)= 5.62500e-01;x( 12, 14,1)= 6.25000e-01;x( 13, 14,1)= 6.87500e-01;x( 14, 14,1)= 7.50000e-01;x( 15, 14,1)= 8.12500e-01;x( 16, 14,1)= 8.75000e-01;x( 17, 14,1)= 9.37500e-01;
x( 18, 14,1)= 1.00000e+00;x( 19, 14,1)= 1.06250e+00;x(  1, 15,1)=-6.25000e-02;x(  2, 15,1)= 0.00000e+00;x(  3, 15,1)= 6.25000e-02;x(  4, 15,1)= 1.25000e-01;x(  5, 15,1)= 1.87500e-01;x(  6, 15,1)= 2.50000e-01;
x(  7, 15,1)= 3.12500e-01;x(  8, 15,1)= 3.75000e-01;x(  9, 15,1)= 4.37500e-01;x( 10, 15,1)= 5.00000e-01;x( 11, 15,1)= 5.62500e-01;x( 12, 15,1)= 6.25000e-01;x( 13, 15,1)= 6.87500e-01;x( 14, 15,1)= 7.50000e-01;
x( 15, 15,1)= 8.12500e-01;x( 16, 15,1)= 8.75000e-01;x( 17, 15,1)= 9.37500e-01;x( 18, 15,1)= 1.00000e+00;x( 19, 15,1)= 1.06250e+00;x(  1, 16,1)=-6.25000e-02;x(  2, 16,1)= 0.00000e+00;x(  3, 16,1)= 6.25000e-02;
